% the rocket's dimensions, and offset from center of mass to geometric
% center
WIDTH = 5;
HEIGHT = 15;
OFFSET = 4;

%
MASS = 1000;

% the area where the action happens, for plotting purposes
XMIN = -3000;
XMAX =  3000;
YMIN =  0;
YMAX =  5000;

%gain matricies
%K1 =1.0e+03 *[-1.1353   -0.0611    0.0001   -0.0000;-0.0000   -0.0000    0.0000    1.0000];
%K2 = 1.0e+03 *[-3.0706   -0.4382    0.0032    0.0000;-0.0000   -0.0000    0.0000    0.0894];
%K2 = 1.0e+03 *[-2.9174   -0.3964    0.0027    0.0000;0.0000    0.0000   -0.0000    0.0800];
% 
% 
