K1 =1.0e+03 *[-1.1353   -0.0611    0.0001   -0.0000;-0.0000   -0.0000    0.0000    1.0000];
K2 = 1.0e+03 *[-2.9174   -0.3964    0.0027    0.0000;0.0000    0.0000   -0.0000    0.0800];